kcat
1.35
843.6
8.67
29.8
342.0
7.18
125.0
3.72
866.666667
183.3333
18333.33333
118.0
35.0
0.05
0.58
3.3
3.83
3.3
2.87
0.77
62.0
7.8
9.4
1.8
0.2
116.7
9.88
149.6
10.08
8.05
12.9
10.13
24.0
22.0
13.25
345.0
4.5
8.1
35.7
4.6
0.51
0.039
2.2
4.0
0.9
20.35
15.0
175.0
387.0
366.0
13.6
285.0
345.7
337.0
121.5
30.3
29.5
374.4
286.0
193.0
46.8
1243.8
692.5
122.6
11.0
7.3
8.9
9.9
0.01
0.02
434.7
507.0
708.9
483.0
541.0
449.0
401.0
419.0
499.0
235.0
538.0
0.18
1.8
3.8
4.3
0.086
5.4
30.8
14.7
42.7
25.5
11.6
0.15
5.0
0.0131
0.99
0.1
0.42
4.3
0.06
0.35
250.0
177.0
125.0
13.0
65.0
0.2915
0.777
0.35
21.8
27900.0
4.3
3.6
4.7
7.2
5.0
2.6
1.35
8.67
0.00129
0.4
0.0082
0.0204
2.0
0.68
80.0
183.0
122.0
95.0
106.0
122.0
1.2
3.2
0.14
0.14
0.18
1.77
1.5725
1.99
5.2
0.69
2.6
0.98
1.53
0.3
3.05
1.85
0.69
0.003
0.08
0.64
1.23
1.71
0.7
0.67
6.11
151.0
3.0
2.91
16.8
0.95
1.1
1.4
207.0
11.0
3.0
0.005
0.01
0.07
0.08
0.24
0.25
0.26
0.48
0.59
0.96
6.08
1.11
1.1
1.2
1.3
1.8
1.4
1.4
1.5
1.5
1.7
2.3
2.7
2.7
2.72
3.0
3.0
3.5
3.6
3.6
14.3
0.1
2.67
31.6
0.41
18.2
0.0089
0.27
4.18
6.3
0.0039
0.0058
0.017
0.05
0.1
0.23
0.33
0.38
1.0
2.5
3.5
16.0
1.8
156.0
